9780749386061
9780140255676
9780749395445
9780330369244
9780241953747
9780140207699
9780140023596
9780340684795
9788172232825
9780340922002
9780140081756
9780586058190
9780099428398
9780140107876
9780552142342
9780340834237
9780340597651
9780330295666
9780552135115
9780749391287
9780552124676
9780552135146
9780552126151
9780006514237
9780330317009
9780552149396
9780330448574
9780340977095
9780586060209
9780006178484
9780330488815
9780330347686
9780345383891
9788122204285
9780143068761
9780333766293
9781860492594
9780140285246
9780140099539
9780140154689
9780140260076
9780749394257
9780140275650
9780749396329
9780140156478
9780330305013
9780140166071
9780140193220
9780140276497
9780048270719
9780340404324
9780241950111
9780140116038
9780140072051
9780140145465
9780006479017
9780749398781
9780006478980
9780586068984
9780586068953
9780586038116
9780586066355
9780586058213
9780099918806
9780099498087
9780006478997
9780099918905
9780099474654
9780006548515
9781906694173
9780007173037
9788172235222
9788184000207
9780586068991
9780330302838
9780330305556
9780749394202
9780571216529
9780586044285
9789381753279
9780586050040
9780099284826
9780099452041
9780140101065

